C:\lang\Anaconda3\python.exe D:/Code/AI/E4/main.py
请输入一个以空格隔开的字符串表示的3*3拼图（输入q退出）：1 x 3 4 2 5 7 8 6
最少移动次数: 3
每一步的移动过程:
Step 0
1 x 3
4 2 5
7 8 6
------
Step 1
1 2 3
4 x 5
7 8 6
------
Step 2
1 2 3
4 5 x
7 8 6
------
Step 3
1 2 3
4 5 6
7 8 x
------
请输入一个以空格隔开的字符串表示的3*3拼图（输入q退出）：1 2 3 5 4 6 7 8 x
无法搜到有效解
请输入一个以空格隔开的字符串表示的3*3拼图（输入q退出）：1 3 x 4 2 5 7 8 6
最少移动次数: 4
每一步的移动过程:
Step 0
1 3 x
4 2 5
7 8 6
------
Step 1
1 x 3
4 2 5
7 8 6
------
Step 2
1 2 3
4 x 5
7 8 6
------
Step 3
1 2 3
4 5 x
7 8 6
------
Step 4
1 2 3
4 5 6
7 8 x
------
请输入一个以空格隔开的字符串表示的3*3拼图（输入q退出）：q

进程已结束,退出代码0
