灵智上人            17      1186    521
郭啸天              22      1032    1201
张阿生              15      1117    603
刘瑛姑              5       610     633
酸儒文人            23      675     1142
忽都虎              19      668     779
侯通海              23      684     1186
小沙弥              10      1461    1049
裘千仞              26      686     1478
胖妇人              10      761     1286
童子                16      794     1026
木华黎              5       987     1130
尹志平              8       1261    1262
黎生                15      597     845
梅超风              5       1205    695
彭连虎              18      906     568
郭靖                3       1326    851
枯木                7       889     1251
完颜洪熙            12      1365    1303
朱聪                8       1234    557
王处一              10      1086    738
洪七公              26      881     727
